10 10
0.752472167598738 0.6430225591431632 0.7984425353711111 0.8893360487076504 0.969402496322587 0.49484497548677375 0.11800567527533423 0.17382819304020714 0.8465117662360696 0.3347709375289569
0.8536988040505104 0.2278697072861826 0.9100391053588397 0.7649720084338257 0.19677869566932749 0.5936038832548669 0.1567290337845635 0.5957551662071501 0.6885532792295916 0.9388014259284878
0.8773779149646689 0.5937569831029142 0.5586017006866899 0.05402588280891829 0.6561172383810105 0.9288698539454022 0.5036581012373983 0.5848222657198817 0.07176149158160894 0.15244995364348102
0.09164193530265463 0.5233680339811461 0.31237760785679614 0.7414160033968664 0.7280621541736529 0.13109973999629132 0.8328524120171569 0.0036165470779054854 0.49331394379749505 0.1263374076897209
0.4638912182476064 0.8139849659960298 0.35949981448087365 0.7116054733890934 0.7332844371412703 0.2924865591363758 0.648432304863865 0.7927927558398945 0.5516163503959292 0.631116539554395
0.7427032641004604 0.9980960200408862 0.6786515263159039 0.21137247944283544 0.22688501767327385 0.12573913336900933 0.5839455530216999 0.43033241509253006 0.9542358680979937 0.5612199128436052
0.407278815148055 0.220970312632651 0.002126814126983567 0.5536595183748607 0.05674260546317611 0.4633424886813665 0.7174284738795567 0.7019897016362182 0.6678150058420356 0.09272102049678088
0.4264156195456249 0.6544512821298769 0.33306429882324784 0.26800941624263985 0.5841371837103567 0.9280707416742601 0.1346040426157853 0.27442803642863645 0.6290778142381711 0.4932641946467675
0.35911246030924404 0.7868384592075914 0.9045322593859195 0.6365402008176217 0.3687267578548502 0.1499967410928359 0.07917912614072287 0.008634297529519164 0.09696460143386532 0.5085089564989488
0.6333594304587584 0.7486162523457845 0.19821036404084602 0.8462829620235568 0.5698985676430354 0.589838200170479 0.4799632021555238 0.798949459887563 0.5475033978034377 0.8461698668135024
