10 10
0.21479748129027798 0.14953219115127858 0.24659138503201838 0.24171119403922448 0.551779189866806 0.7091054813381904 0.3414398252359365 0.6503926557973719 0.3877254619911502 0.5792455080941562
0.7032656806368685 0.16584881066303547 0.7343861467856294 0.942918562317459 0.42916319667353753 0.23185722154273292 0.13159973923389734 0.9436293881040583 0.09880555279839853 0.3084189202853179
0.3682496311326614 0.9329037457208996 0.8763859972231293 0.3357958467994542 0.8919802850462182 0.8511889968059783 0.7110058335475139 0.3523945719770253 0.7287176309416596 0.4253046650684982
0.24040176755311993 0.5866614999715923 0.06358224575613425 0.07951565877345335 0.028390342476100505 0.5251756049672387 0.4803888915985448 0.1654039386605053 0.07126235401221681 0.7284874820528398
0.752411090334063 0.3803292084270625 0.3766480504890205 0.5457801242821169 0.7712212834290509 0.2677889873456446 0.580842432933931 0.2478809631343124 0.07444719152772161 0.9566833592299199
0.3061083927483572 0.8318751974481092 0.04354586442708952 0.9558646048072451 0.2247341023778916 0.3970155136764192 0.4906683419417841 0.9626263933105171 0.354806146287733 0.42634830145186986
0.4141409103699747 0.767989625674705 0.9787499236431688 0.509923723366966 0.9285852123477041 0.37202952848521875 0.995187634402297 0.8292412005747065 0.7058640731944869 0.18902174482893075
0.5149336983774797 0.3030037241681873 0.5065089899791178 0.7951399491718212 0.06533178275315499 0.8326992971198417 0.5154340287326349 0.08571356906181049 0.1085735808187237 0.6957479539763401
0.15392984140396082 0.07049735953268166 0.6762644883256154 0.1960474366278132 0.7050985634757989 0.30189101464213186 0.45826311114330576 0.7682892135809508 0.08886195642737194 0.8127431093455475
0.7738738337828431 0.8358351176919985 0.665707557891262 0.20951207899289837 0.03914276017871576 0.3834657585366289 0.6533089709461966 0.9015178489405118 0.8370208125041718 0.21456949515554036
